913408
5734402
4366340
2379781
87744518
135073791
2101248
101662712
28852234
7229451
197857267
184086516
52424712
16662528
7249938
34566163
10481684
1368085
2330646
8712215
171098137
42229786
213082131
59822091
3821598
12476447
104890400
7118882
52248612
4288541
1437734
22831126
8818728
1454121
154087467
181604396
95342637
267169811
116740116
212910091
18853911
78082099
254812162
20320311
83583032
172408889
11202619
225009707
23285783
212848702
82350143
32832
16183361
99733571
43450359
201896005
16580680
138522690
14303309
6860881
162861111
34709588
182448215
147521624
16023642
51826772
251011129
594016
236171363
229478
1368167
131854432
15847529
38891629
5582958
106672242
3022956
2457717
26288246
135287
36401272
21827705
5701754
24285308
27000958
8159351
241793
532610
1241219
167493756
84537478
63946879
68739208
577673
21209219
2543758
5197970
86933645
214753414
4604056
66478227
29720732
79151223
46452894
150773919
1220768
234016902
17334434
123216029
15974566
13529257
66871468
9011373
138670237
3244207
98914480
84660401
50557080
135348
129028261
31821999
76038316
10141887
147972261
323777
11186370
11210952
19910850
80486603
19718348
37327053
3207374
38715600
6414545
209219767
1384659
52703436
41550041
37814483
72356052
23519426
151774
5419232
38736098
2330851
209072348
85246181
80994526
119015
50221250
137433321
29647084
23793902
7405799
69189864
13623537
22585586
227578050
54837496
218423528
14262522
60510432
59932924
157487307
76529910
1995007
1282304
17539330
28795140
7254277
20140294
2486535
5083400
116912394
3690759
30167295
55472384
264495351
5640467
51335418
13672727
42586392
150511889
18530586
23765275
43553035
2625822
161095951
125542689
219676954
11890980
35074303
19869990
38560039
89018614
5407017
72675629
8835374
1216815
15028528
37085489
2359602
150929654
177352937
133218588
141390099
71897403
3395901
409919
4714817
78176578
98373949
11432262
35283272
65147212
13820237
194158909
77975880
106422610
79229268
226853197
243986766
227430726
11145560
7553369
6553947
85750109
32493912
39506265
90841416
144073053
6869350
528744
131514730
246747461
16748
16507238
1102183
105541964
118149491
610676
241725813
29028710
72126840
11067769
132075890
223015283
16920956
2867564
6312318
3055999
122720632
4899201
27455874
20365699
180359557
31596935
262037888
158302593
11370873
255541482
173478235
6046094
220238223
22339984
85557622
133607832
8733082
43930011
33223069
153309584
10891682
50557348
7582117
109400479
30884268
159805869
46088622
34316720
2113969
471474
37056951
242104
27754929
4407730
20353468
4657597
13558207
1925560
38220226
81400221
140075444
247710150
67957164
50692552
14623177
208253387
67260849
16904654
19427791
263438783
67862993
6296018
23515576
36463060
7188949
40944087
178168244
6148572
141832669
134992350
930271
1610208
594403
206303716
154816906
21672423
18567657
1450474
258781493
27853292
212201948
852462
7942639
186986975
9724401
163828174
13767157
3142126
12403191
140538361
19288571
1036796
3408381
3961342
4325870
20140544
252154319
45571
4624900
4104701
30474750
24449526
68993527
24510986
150286844
17646077
6582799
145564177
741908
9761295
14508568
179925521
181248500
53350932
33886735
28852771
206549540
6255133
1372710
8200743
15757864
3576362
40464939
43303468
120783405
104006173
56390165
94814752
4776490
12087861
10084918
17945143
4354616
113320468
127095317
140694076
38191677
10646078
64463416
9851457
25829954
8876613
16745022
19444296
107422281
4682316
98959950
2417232
34083402
4715091
142205486
173965902
263201341
217449032
33030738
150286932
158769730
4158046
43569759
133894676
155103842
71025234
30253668
20939365
5898854
52216373
197481002
108175928
145703531
6623852
126063213
23798383
639601
183222890
150401589
131891829
5210742
10961528
25846385
211669609
29557371
185557628
14389878
3064448
134865499
85418609
235405918
100078206
56840822
55304832
153129571
213642
16282251
17199756
161313414
217137807
5440145
9245330
33583755
55866004
2921109
172212881
12808858
10842779
9704092
11055765
3830430
54080159
143438496
44569242
50660003
488100
135799461
180683413
183206529
60621430
155955877
248156754
1147568
195916465
253121202
1876659
89436852
13910692
5571254
133063351
76911288
10515129
216752819
143422132
2732733
22893238
73786020
16810689
167510684
212202179
153662148
13341373
129364671
1589960
240059073
267322020
253764292
186356379
172729021
5903055
2769608
19522258
89715411
8794837
463574
20792015
56611544
14021320
2556634
11629275
23118549
91378306
54895327
3519200
299746
182567652
22880998
178180822
4014825
40424143
196407980
19231468
249561810
40841928
4023024
167850729
202588906
160969442
241894094
20824821
212976250
9810672
222479020
9183994
7066365
1880831
69722881
5051138
7955204
42246918
162128584
47198984
149660417
154456834
2765579
86913804
57111302
1753871
170259189
151270153
152384257
6206228
172249850
173859568
172917519
41468696
180830993
4473626
6144795
6837020
247063308
50426656
212845337
1721122
14746404
16417573
3158822
586535
44393256
160064297
36111138
12493594
6304556
147866396
191484691
7959335
65164080
80634674
44393259
23085876
205959981
22115099
2908983
17724199
135484180
1004347
279356
2237246
12956480
180691751
13488963
951100
5919549
227115838
65458998
13738824
147338057
340810
226468666
4428612
100471612
246879046
8147792
226095926
175235914
25408339
168559428
37651286
1725271
4662104
12551002
2904923
240829249
15991645
6361950
265868100
55620448
21840738
23806819
41915236
18572133
114504542
94802774
9692008
263017
197010282
106287979
158757723
11592557
23548782
147297127
176640803
50725745
260019058
186106724
2290552
243839827
9925498
68604768
10929020
227627901
72356734
223560575
241873326
25510787
130335593
180589263
51852166
19370887
13063048
191755137
36320139
1229708
174154620
133383046
38921095
249754406
11002772
18908053
176276347
2622359
6431640
3920794
264000348
3785628
381854
3330967
153834400
7353249
11805604
12817317
5571487
7877544
156173218
216273797
213939108
169296797
4113327
78930847
9810865
33702835
187397044
164790
165327792
54293396
165909427
146199484
264737563
82281406
229540791
22893504
5432258
206807988
12256198
1086408
30278601
222258123
256713676
86990
2016209
160555986
233018296
257475532
234640341
1475542
3621841
111637440
1766366
3052494
235414469
124240857
619490
120439779
168215463
159249375
17486824
87303146
4162541
8066030
206967784
233440234
15078389
19874808
3716090
17228795
72872956
6464509
2397182
3671039
44491777
122721274
9032707
48538611
236102661
12755975
24200200
1942537
64148483
169735172
386061
71406579
11875344
9053203
153609186
62485
181769211
136123415
3032089
12006426
3290140
3257373
517150
108680224
2040865
68772898
126837795
16270372
14377983
13743117
13349921
50324505
132076587
5059628
8070189
1999910
10085423
163537941
1479729
156193834
2688051
7738420
62542893
81597477
32769079
3626040
15344670
4330537
18236475
47805501
227906605
198980621
264070182
229262385
262571075
29189188
12866629
111203362
216392700
252625978
20194373
463951
143655966
65778773
214270985
267269115
16507992
47641689
48497748
240673886
22144088
89818209
20116579
1098855
68912232
836713
69489771
18003052
3572845
15406190
258638951
96531560
61117545
86258803
15004788
18584694
126358647
111076464
127259769
170919035
1471612
50050156
56886399
12252290
1651844
51639431
59823240
87237769
5313674
369803
80086157
152245328
131699839
165536905
9471114
95380
68797589
930969
69797010
40928411
98976916
76579997
95200414
87201
19592354
7836837
213406869
231674972
8311978
109540506
94471332
243774601
14189747
134321333
73995446
18756791
19821752
4830393
75019443
77210786
12395710
147051673
141321411
115410116
95589566
123720876
3601608
4363465
94762186
373963
151696580
451789
49738958
30024911
5223632
120386761
5334226
17056971
205157580
137225379
791766
179803244
141026521
151508159
87259
161883319
4576470
43402463
233706713
5141731
58373348
232584371
55706838
1348840
94950633
245736675
6862061
33522928
50775276
57386229
52643065
222811359
25380091
349436
98747637
398590
159868160
206546101
5379333
3740934
182396141
197897
41739530
6128901
53605638
225039604
5260563
207344917
67695895
44164377
6239515
240633116
34043168
72377633
188478754
28976411
9082148
45274406
43599135
155522329
92456227
198206756
94455079
28128562
296244
15365430
1885495
143893799
164078905
117962034
144577844
200975661
10175799
19363136
2532673
5621061
3269961
41489733
151467344
19932471
161107
139801933
135218521
178881866
17466718
190539097
6784354
9356643
11027812
26064229
78689638
41768295
213656929
29463906
6407533
65234286
17503601
209446250
232875316
43681141
58721654
55821688
48637297
9512314
21923195
97949052
38987133
86394238
20333952
188020089
693634
38749571
107664775
173655432
63313272
28890508
1058182
114967943
69129589
206144896
143566219
40273300
42435962
87860630
150209905
192714136
2590105
31147419
159552924
3732895
51209594
31827355
192071038
6231462
167904679
259229034
189437327
28050861
705966
137647528
7652785
124338
259261867
217204142
21353911
79717816
172393913
4699570
248395197
185255358
38884799
84166080
203736505
65512898
258647483
92132805
42313158
15906247
89777591
55846345
207439298
224683450
147051980
951757
83715536
1627601
61253074
247555522
259483075
99050965
103889
13190618
198145450
8054237
141460958
112391640
43783641
133371336
12518884
160085478
2495975
12109288
34338281
50667
42051053
101799406
69740015
22066672
144184819
202561004
124229110
15971832
160601576
14271994
172684779
16532989
57734654
9340415
212829648
1431043
219833736
152311303
12740104
41203209
2369034
50972171
1385997
17417745
76363275
46306836
32056853
1644055
4032025
234739209
117040667
77182492
162715166
14390807
3323424
5264929
256107976
223057428
1689126
24880672
7386665
19342891
39151150
29779488
40814113
3892790
74749495
2504248
154400313
14689851
174495243
81638966
25028159
9602624
221951553
239732042
185062982
267666998
9803328
10516024
2233932
6268493
204359247
18826832
59168340
53921366
54646359
250181193
173397568
100333148
151307832
2332255
98657888
106137180
46392934
38065767
3585645
52831854
13100656
11015785
33433202
250001012
2643575
17151600
27907706
151574102
3917431
6612608
42030725
164312703
260740744
78009993
47486602
13043340
69383822
1447567
75060831
133392020
18097815
81843866
151230108
93542045
1824414
6026911
50611872
253355673
4953762
18351779
214692
98420389
12236446
151148192
98977449
6657698
17131179
2746020
947885
32011942
190109359
252720816
4204209
142927538
7845549
75269806
15668921
149178
1488572
3401406
255679
229738170
235087555
35239604
218822
228824767
21165768
6821577
166352586
18556620
217999045
4728510
139167440
333521
2524883
103872212
51291861
28268246
329431
93693656
17630910
95540907
2201310
101754541
18224865
59291326
227378909
7603944
3421931
152061613
196437741
41666288
194289
189044439
23873259
136701684
222107373
4056825
32364283
226473687
63190782
263124735
9676545
18908930
104175355
93849348
1918725
124876550
1353479
267073288
2524941
181303046
23144207
25327376
28210963
36947717
8271601
168302334
131204890
3188509
4638494
156534543
5269282
3733284
22452005
15669031
246368034
258676485
17233709
166442781
169412391
174868246
159299378
4376364
223483685
44656440
17393465
258185018
35702593
1410882
208041797
147547974
292679
4355913
248743746
56551243
229078861
1001294
415559
75732816
66783051
845644
158918470
33253191
1009497
59385693
18110302
472927
204834648
215705443
36550501
20883302
73664362
144713579
58771308
173537125
190371686
23365470
5715825
23451507
143427417
124749685
154908496
9574263
100902750
140719995
91142013
28936062
735103
151492475
170514270
32475013
113825670
7059336
3069833
105121676
53561221
173393789
653200
141133713
2578322
12613524
40347541
224372487
33441687
138622872
1775513
156198793
1177501
255379342
3745689
121812872
224737161
220526451
24692646
6502315
13768621
220096381
4376498
136353707
206702499
175482808
7096249
133752754
147543996
30066621
177526718
138241984
39491513
104683463
1542089
254502750
145876941
13121487
10405840
17139657
98707414
2795479
139892681
25262047
61482976
257681377
6363106
79846
151615464
239749090
11778028
143001574
96528368
120776690
33544179
12138484
178657269
83958
248686586
11114483
195442685
890878
3262464
19212289
20002819
14690308
5154821
8816647
138618889
5130250
34828
12068877
61401075
16123920
134707190
11569170
7804947
1296396
101001220
16357398
134354967
31184921
108570
10328091
10807325
26466326
12621855
2631713
2418722
32884771
255207460
251160563
134416414
35215391
40179752
111241230
162916356
50559019
32307245
4638768
214411289
119814197
24643638
110315538
76642361
2119738
28121147
10102844
18712637
59168822
567363
254265412
8853573
96041022
6678599
44251158
1947721
26662988
191526973
6105169
40552530
192768045
94033979
21936207
4585560
6170713
225638483
199432267
86247517
51214367
14030943
39114831
173619290
31320163
143894628
12032102
18229351
81164392
259917929
96528463
1701996
94464102
216229983
40147058
114030700
313461
22190198
604279
1726459
51038329
267950194
86321183
122108028
123119734
4696192
88569985
2148482
104007803
119883870
8218741
80459912
7866505
42748015
5265547
11315340
85596303
172890229
55384209
144857226
15710355
231733388
180910230
56498289
13170841
5097627
176310411
854173
51882142
19728543
241657966
8685731
185854025
2951317
64690343
3401896
186845303
22886570
218450075
85715117
211118
130128047
188721290
6056113
229918848
203704461
288948
7129269
218617988
31287480
26581169
255694997
27003068
12187837
34363583
137918648
26618041
21637314
11393221
95766709
185526463
5523656
3406025
43452618
3074243
86804684
73750734
51644623
137287861
3889353
30157010
33478850
245287116
208058573
12241093
146921649
70744280
181819610
75188444
3655901
185235672
8313049
263448785
261675174
184649895
56371414
154593512
132970713
253954191
2660588
244566246
164825320
247531754
44595436
202997
1005815
80603384
15558905
1583354
3049724
29243638
37677303
48109824
19020033
240806055
153454776
95041791
20470024
11094281
258320652
68897037
108308742
121755911
7465233
1718546
30230803
780564
43287
10430744
13637913
20572434
131127541
15911188
151431416
5282079
38586657
200272146
2734372
7444773
183040244
6007071
7547176
55658743
81795370
20568363
25266476
870701
258169085
15542576
25106737
140138795
151517493
27322661
27470135
157010205
31140145
86579487
224385231
114440447
88934681
70437148
114678056
176285971
113424711
1055048
710985
88164674
136812876
2976077
9951566
6490448
5118281
200460563
9525587
177903948
14289237
225061198
3897687
58919256
55941448
25729353
3930459
202389760
211315021
167057734
83335505
235751780
70707557
7588199
155535720
129385
2546026
2046315
79890796
261450077
209090927
232008010
5126505
26311018
5495147
10340724
174188840
168712567
138529144
8931709
17353086
46410116
212609415
28481928
899465
35740042
32061835
29235596
175544719
1366409
342419
8989076
245528981
14678422
100198800
79382929
174274879
2767265
4147620
879014
1952167
42588585
4016555
2582956
153586094
432551
3242416
4250033
4319666
10811827
866740
17504693
245639568
11196847
41552305
28793274
8014267
2120116
16030124
22153665
9853372
948677
3959238
25909676
17947080
161061321
111045028
32319947
43416013
9537998
113031623
5212625
34810322
122198475
248465868
81525205
10639824
424409
126970292
61462965
1083868
220604885
150935980
246143455
168282565
1276377
101538257
1436131
4078052
82295219
221440470
140335585
1915370
21371344
18135524
26532326
8854000
4651498
161937890
38062563
245307855
18098678
1599991
21617145
74000840
139258301
76704246
10082815
596480
135227908
264935891
262052358
2488839
61856239
4413964
60582413
11573774
5700103
1858048
152685025
52554262
3697175
25917959
444953
2841114
251664846
45656605
80149006
38414880
8079897
4454946
1346084
9931301
24398375
146332183
119216681
25844258
90380836
31124013
61360562
170297896
88021553
168913460
136780324
73554487
69921336
27863609
176208415
157231532
1223228
20077117
80673335
200337976
17668673
24603202
251480643
156342845
83356233
166586937
34449995
146741809
82786893
5667406
4385359
420432
4024914
135289427
119712333
75029078
35162695
1948249
8338010
63445595
12859996
16505437
142137951
1817184
248060463
22182490
17701458
124803646
225192550
416359
3332712
157796942
109496931
6425196
174475858
49425007
176183923
133638764
6838901
9357943
200129127
55663217
165321338
142215804
22530686
25041539
1944196
16902789
4893318
4164231
21420680
32746121
14092932
211946127
40229520
190118507
240401015
190749332
17599108
26139286
128223878
155114128
4123289
58935935
19905179
68672157
522910
247192217
86456994
215715
1596068
432805
22313638
261364374
129704
65268395
32742052
981677
230460040
150358704
21052082
128395940
204851867
204868264
223898299
33446572
255060670
54962879
17623744
93584065
203016899
73513670
20114119
38042304
196299457
16517835
6212300
49806023
58825407
25291475
215009927
31423190
58133199
57252551
375513
113720019
207043275
224398028
145967839
169327323
1637092
4094696
188201688
72874730
3914475
32475876
2239213
32701166
16034544
19708658
3971827
137505508
218700211
6466296
13056755
164342507
731903
11623160
263674625
4688643
172145387
2194183
74087177
2607883
31308558
72055552
136477458
5675795
134068995
75848469
52103950
63212312
81898248
32991999
156154643
15592221
65411862
772896
801569
24353570
193792776
22096668
3423013
2472742
162011943
161581816
199600912
24210213
232172317
109054750
185056045
96947001
2358068
23431947
233601827
18385731
8575813
182369095
88955721
13028171
42277709
6654772
1096528
33434449
1928018
38869843
28732245
4176727
1833808
132778833
3709786
52005725
212142892
145066847
14461784
152718177
224230217
34016102
20609896
7371625
27278188
2755437
142302054
1715047
97594224
4242289
60513138
161758067
7912309
11672438
57600779
224045895
196209530
151878487
3140479
137911141
164580198
89222019
68066181
263674720
197852014
14224266
183901067
4012940
205450065
9137041
177982293
225790869
244415355
228817803
11676573
225729411
79010719
225102749
19590055
21789609
12766123
12573613
198618015
1678258
144481195
1727413
11295663
7707570
13904821
22924222
266558383
65891267
22748093
117702
23452617
4475852
97831885
170351549
108653519
138574800
223362001
170449874
229043159
153349081
138558430
234466246
241654755
254356452
134048741
11910118
38378471
175709163
170527717
90921969
51649524
6659061
1661943
16784377
204405754
90987508
1825789
148167678
41348096
420865
62249986
51526651
188791795
246991877
8625158
37219335
17787912
29678593
715787
66845691
9448461
53816334
202497032
605201
30305298
49708051
144382988
998421
65887254
56048664
7527451
155687937
53218333
23706654
73620503
158161944
224289
208804860
52239379
63355933
98966549
127777814
51850280
141634552
3161131
8608812
190176301
117648422
94407689
102128680
231636000
138443776
3111987
63806508
5258293
134810679
184544262
18586683
7531580
20143165
131623998
1649727
1141824
37223483
137595964
133332020
11611179
179330119
13384777
158755915
113413133
20257869
83934286
179018814
175185
7019602
116177997
211213400
193768460
6483034
7289948
94047275
2432094
22617183
223054918
23650
2935908
4271198
199666791
197565544
129510505
10886242
221437018
70237284
13159535
14589040
25640052
9952377
224447583
1096827
175582208
24288382
11644032
30145649
186649694
77159557
89123975
334984
71875714
6405260
3579021
14130319
15703176
247528594
7315
2587797
38501489
21458072
4803731
28073116
2538653
74263702
154783
16231584
9378963
58141861
9301141
104545447
64912536
50576548
15527086
227581086
135617713
1629362
204070040
19721397
6384822
32201911
67194040
57052330
17210550
139623607
564416
756929
11840706
32607427
182947012
231259283
6597830
228629696
4926666
119299276
40508559
68897999
79752401
5532882
10710227
2071764
4086997
92916942
91909318
302296
12258522
21904595
247426230
343261
162327737
140442840
19287265
29768930
268135651
21011658
222944487
175779010
25111777
99302626
34065626
50646237
5147890
173317286
57179380
246754522
36154615
1035512
129142010
39128315
114183415
97242369
68685051
168385796
2759942
3300616
143297801
1637642
7961867
228232461
65023238
146038033
17370388
4402455
13692185
4816155
28810507
234159389
27016478
138493215
3661080
66026777
30231836
100138250
59153675
248241409
77098272
21081385
6958378
2137388
79064366
3304751
15863088
24821033
43679026
8932660
3755319
2641208
5246266
388411
140274954
99364149
32697662
396608
36625729
5238082
12315963
52548
93130053
183696710
30231879
226848009
53824792
13761850
12795195
121068877
105139517
157420842
263064863
11562322
220552481
13901124
254659918
5922136
1047897
98020690
1015131
16084308
74095966
15072608
20426082
172162403
43052388
2026855
170171725
155618627
169389370
7777645
2321774
255757671
3300720
185544049
60786
372085
806262
245636363
12234104
27467129
5098874
74009979
8285565
257406
146840960
20471157
37653895
58334594
47517067
233373068
51322245
13311375
142736
135003510
168353170
71757204
16113046
20602263
13217177
80092571
209280412
220454240
54132128
3157409
15732130
1576355
41483685
268172710
384423
90013088
22789537
131104154
33455533
130346407
31497649
135908769
180784566
1732023
142355896
214400433
262876512
225226173
45985214
3026367
19484096
55778753
21593538
236953028
2182599
29801911
135314889
230051249
33787345
22842834
13090259
264195541
18415062
143183313
187358683
54128055
57888223
6847968
225234385
24346084
171904477
155168223
1248746
193461725
242363799
12639733
13778422
265014758
250355155
12819964
2256381
38354433
10472963
3169796
19205629
21700085
2461191
20151816
52745
125795850
11144708
54570493
20426248
15822345
458258
6831636
30744068
11882009
36378
62340628
5373466
11238930
61586953
20006
143867393
6016553
191008299
137084433
151293486
96054793
125668913
40078898
247959083
244399660
54296117
2477622
8465975
251485753
11906618
249290301
2469438
21933631
69488192
3923521
14290498
21769788
1363526
3563062
18730568
4279881
145763915
75259468
5250638
7982663
29052488
1257041
388690
17608276
157937210
634454
4914775
231751256
143887953
141766235
43646548
3333726
9182798
3821152
167517793
1871460
9404006
12979798
10440288
142913129
8642154
151149
24010342
24567399
27553384
974449
892532
11394639
91008622
11820663
133316208
23797361
52600443
20856436
55402110
223092302
163151439
55463554
13119030
5512836
23785076
695943
26906198
18558601
6200970
184143499
19299972
239791749
3149454
199261839
206708291
122513
6237834
10931860
19639940
5045910
1244823
9080466
3870363
1973911
92638843
36200090
1240739
145165988
6708901
134524567
76680858
24506011
3038894
238866032
108629617
335537
12918451
14831285
20434597
252542641
1425082
54189747
136748715
246730429
168066742
20491950
152821413
33255067
14487236
163525
181632710
95289031
16580296
186654362
532173
2170574
190209744
123645649
97427155
241827540
20942549
137969206
73477811
1101530
124038867
136588993
16375517
13496030
6659810
23424739
233283273
54152925
2973415
120336077
240320233
25452259
256941777
73621202
98250461
3362543
5435120
38448881
1625843
168378083
204865206
5770999
229768944
3473146
55406331
48045820
15609591
185749185
114417409
4300546
64057084
10747653
7675655
91782920
236293882
192524044
93966093
204926734
46247695
19005202
4235027
187727629
186785376
174972668
122248984
56250141
136408862
188694295
258248443
192291
21184292
45612838
206253846
62447400
245149432
144289580
18173742
585519
132419377
3538738
2236211
10084149
245772086
3538736
286521
232619835
2088769
227561283
4890437
622409
238628683
192003917
210431822
217788239
40124241
11263827
195776333
266678087
618329
182214490
50696030
3333983
3784544
67800929
186068834
712548
202243942
115285864
119738218
16068452
234962797
222232430
75349873
268271466
12328820
159108981
3514230
21651322
203894624
21573500
33075069
142995326
164114303
34074499
69070717
153624454
266119
260042634
37015436
140312466
70766483
15675287
5431192
17670042
15363997
220610464
13897633
219377571
2756517
1617832
208977808
131649452
66416541
5513135
12857256
95530930
142053299
13225908
103956405
15159215
1937336
72454077
2662341
462790
3624904
13119425
2613195
159685
53596110
905168
165343177
67661778
12243
33288141
53817294
7872471
257089469
198909913
73555930
155058101
8916956
8368095
70041568
2748385
146907090
3256292
76009447
51458007
140808142
180202
220180459
1617900
8953820
17194993
28995570
70778867
63901677
5218287
15785976
33607666
36384763
4202492
122703861
13541367
299632853
300016465
300230824
299516952
336414073
298332301
336288928
297716854
299350943
298786662
296101735
297210337
295742168
297217047
295042784
294901568
295358212
294339621
294348414
292876479
336233713
295100234
292807278
293557953
292793669
292353733
292277549
291967016
290723314
291521198
290456094
289424200
289051161
290949874
290947391
292642916
313698437
313629781
313159785
316198336
279284682
313229941
314759554
312751226
316959960
291043239
279107367
311932635
278981213
278598059
278463584
312688358
278881874
279447896
278372969
310355666
310627379
318123606
279145220
277464623
308862078
278203566
278151548
306678682
310369919
304837242
277271439
303280054
307372939
277100563
309881006
302349291
276884194
276779913
276537137
278254828
302088665
301688457
276513239
314763856
276343853
276343991
302459250
276290484
301609300
276642939
300904733
275772010
300574615
304491813
304220531
310472554
311118221
275405410
274356054
313001050
301230028
310794437
274325400
300472474
273829650
303529511
275113543
273319332
275929681
301813770
309021098
272518034
304074489
272495958
272446193
271976064
271814068
302416651
302211777
277195527
271180946
270785149
274261156
306502278
270695708
270344660
270663335
270296734
269997642
335251193
269917546
269737977
269084118
269094960
268993365
270253268
306448430
268711723
268700052
312322606
271455595
316793611
268893306
277262460
272256757
310294101
333892857
333133121
331912853
339532894
331911485
332936399
331781692
331603529
331796425
333744736
332601293
327150810
326906794
325637302
325664895
325870344
328402562
323855263
331903378
327744427
323104811
323649979
322425937
337913035
325105017
321053876
322004120
321176348
320248352
321739671
320197830
337747956
319840447
319890215
319782744
322270280
319421389
320574594
319396557
288790306
288550948
288377163
287579788
287264882
287739727
288687675
288870222
336021651
288632147
286845940
362236684
355559571
354052161
284409643
285381713
286773155
286444520
283194988
283971769
282839756
286762331
349660276
282709272
283317366
347138524
285175383
283020689
347610164
346184617
362158928
282033911
282299582
281862819
339978894
281387501
353939070
281000849
339976137
345430049
280968748
347723901
334917701
339655651
339650532
334587302
280503095
280147843
343515912
279944898
281941384
281410584
354421895
333994136
350875660
287146334
339617155
347990680
352142703
350390703
353573231
353665828
343424418
355961792
354395920
351359292
346615808
145008640
819203
1245185
264652816
3618839
257046555
82280477
364574
90144
54566945
100272157
24014887
391200
970795
27207720
25843744
225667134
39258180
702537
966731
177907788
15161422
10401867
81776729
59185227
12413029
178823273
86124
65515629
710769
17836149
247963749
76050554
6164604
6197361
219670658
10944652
249241745
142819441
16001178
1593501
163998
247967
176502947
160159909
8169630
154362015
25721005
2166963
4698303
7684289
141506
762053
228346049
1495242
14342347
54513859
10965189
28520663
189688024
7186655
266676448
137648361
23216364
5294318
15741168
2679026
2337014
42105072
321785
86419684
2425089
139186436
133294341
81252601
144199949
15841551
43864310
18354451
23494937
7805211
68741387
10109214
108192031
768288
121461025
62740763
92432669
196731167
12337440
4202793
170252579
893228
52158761
240644394
112587059
117510453
178960686
146204969
126771515
1384748
2914623
98624
26288451
13668679
222945602
139274568
5325137
20463954
960851
2736472
14526811
1075553
17191251
590183
3828073
161491306
11084141
180027758
2208097
2730355
2181496
2726270
17809802
20543883
2566540
991640
35256733
147999136
13779362
5503398
71616927
19356077
139721138
18383284
5714363
59837
19507649
8739267
28576196
356806
12650951
88160713
157501897
27855321
69970396
118688215
5308896
3078625
4282851
124871145
1090027
13593071
82553339
14696956
113021444
24582667
1774096
3189265
47637
12171799
11229712
257135129
140247578
608795
1720864
40880667
108345893
1284640
67133994
442923
243003925
2019872
1010231
142709277
27808313
19509819
594495
167821888
11848257
3107395
8777
7031363
2509389
62007881
148523594
14768707
185035348
46197315
29825631
50999905
77040228
10936940
3676788
62007916
1243780
2009733
56908405
62095
1536659
23165589
2929295
133429915
40458910
3752599
3617440
228133537
199333
217324198
52009614
107524779
1897137
37558
969401
3031738
246278843
58700478
101057
25342660
385733
2024139
164981425
520919
209625
17111770
3488479
16800465
61971172
8495853
5853935
224883441
188187386
30788350
33127141
434945
65041157
29494027
170072847
29948683
8016656
205478664
225856287
12622616
30432034
82492171
12022567
107463471
31144755
148857639
62161727
18905920
25295677
52861766
247200576
254817089
50588491
453456
162641
207018843
3595101
7650143
5702496
140475240
1317731
3396472
8137593
154692482
9423751
30243723
7910286
12352399
15866768
65194897
3427219
86664084
193858446
265286543
138699673
256922
2272155
196907924
822165
173593502
4488095
6476697
20693923
3638180
211121064
28500900
4117421
241757069
3161016
78990266
44395451
4492222
2560959
19659712
24265665
954
153893828
34816967
169665486
136692687
3302353
218209234
26717122
67003321
703437
237192124
15811519
25740252
492514
2935786
263576557
195566
33491952
185333
1487856
16430076
8743940
1324039
1735705
289819
408605
11682847
175146009
637986
24620059
10513395
898087
56009777
28320818
79653937
148198462
119456834
46175300
4598859
80505934
2694227
10118230
18043979
2305118
216876119
212064
13632614
14441575
6706290
57523316
148208753
131898491
267453526
7330947
7236748
64672909
543891
185146508
16024725
10245270
33762451
1209512
8905897
44076203
134474916
1076399
1537204
2649269
189899960
14517437
140104898
14183612
7933125
150750408
6182090
2938061
502993
6728909
255763675
138439901
69162208
5289189
10056934
16762091
146167024
16444659
2123003
18468099
61297926
192734472
18871564
8033549
2018576
110867729
206509330
198472964
137776379
206990617
150810
69825825
11554
24888622
33080625
105778
137913652
203015473
110869811
32367925
1013060
132421
157142347
9794892
102331720
64746838
141012294
9889116
204211543
1121633
773476
267799909
177512
4832617
6870378
623979
208236
3294574
6622575
652658
10702195
168846710
316776
147393906
80174463
4959617
100758934
30254487
90746256
7665059
2522542
13868470
4003252
20581822
21085631
142400955
233477556
1648072
910794
7603662
7982546
1525205
2147800
191961
10927579
376285
331238
138884568
31020505
1054187
581102
415215
210189808
9483761
527860
30074357
181742
16086513
1455615
3227136
261737958
7742978
109510148
108038
2833930
146101721
726542
28864016
33689102
16676358
241100304
48401948
105397766
1898021
542246
191139371
221644332
382518
1058355
2207291
147533381
24108617
7716411
120927835
93871709
183178841
2352739
345704
857707
27364973
38188658
228314740
5647989
162326136
19435130
116491893
156886637
144606851
29625988
2236038
86759034
174220914
247078544
33336985
1261211
179868
191690397
24256158
20860575
1210017
112292
6938278
4357800
54978204
36069032
1304241
127100581
4085433
5705408
3876549
57609927
4830921
151406285
15001296
10518217
820948
128040661
94805705
1478366
9920228
6356702
12027635
53204724
4280053
141381369
27371251
25464580
32288521
24420107
43357968
134301444
1054487
5701402
5517083
4179740
69409
195024676
155373351
124923690
11644718
554801
3362611
5801780
1294137
40242988
2207551
720708
1578822
513866
3336018
20528989
419682
7204707
343908
931686
4878178
4720492
16101229
2176882
6569845
495478
714615
23426940
38641525
51908478
2064247
614273
212866
15443844
1470343
41375607
105660298
520081
59373442
146292628
221077
79768
610193
5392275
9301908
92065666
1892254
32497567
136298393
1173411
20164517
92204966
231331725
3135390
10287026
255977395
89913260
141785014
16562095
13993914
44505019
13799359
1470403
203200453
3708870
153345983
90462153
3198923
15605708
272333
171487174
52408271
507849
40931283
3624916
195753933
18517974
268269520
321498
32053187
38709215
9281505
51154914
48044003
33957860
14688230
205754335
118753
216680418
8431602
93245428
5537786
53897211
387068
264189
278888203
274630525
271005470
270824010
274646116
364916915
360761868
354429723
354400990
354394966
354217885
353508819
352459941
347616375
345223483
342812218
342957678
342802432
338435662
332962852
332190716
331746672
339798606
329368287
329013126
326335897
328928106
325189786
323222288
320297972
318415093
317252341
315882637
315463725
320039333
314019623
313242823
310986271
311439822
310908319
309387888
306116105
307191641
306949138
302153656
303947877
301893053
301275013
300555203
295690977
296792574
295210529
293744312
290683289
288693598
287843536